||	Prediction		|	Actual output		||
==================================================================
1.	35			|	35
------------------------------------------------------------------
2.	8			|	8
------------------------------------------------------------------
3.	6			|	6
------------------------------------------------------------------
4.	3			|	3
	9			|	9
------------------------------------------------------------------
5.	40			|	40
------------------------------------------------------------------
6.	4			|	4
------------------------------------------------------------------
7.	30			|	10, 3
				|	30
------------------------------------------------------------------
8.	0,1,2,3,4,5,6,7,8,9	|	3
	9			|	4
	0,1,2,3,4,5,6,7,8,9	|
	9			|
------------------------------------------------------------------
9.	2,5,8,11		|	2,5,8,11
------------------------------------------------------------------
10.	0,1,2,3,4,5,6,7,8,9	|	0,1,2,3,4,5,6,7,8,9,
	0			|	0
				|	0,1,2,3,4,5,6,7,8,9
				|	0
------------------------------------------------------------------
11.				|
------------------------------------------------------------------
12.				|
------------------------------------------------------------------
13.	15			|	10
------------------------------------------------------------------
14.	15			|	15
	15			|	10
------------------------------------------------------------------
15.	15			|	15
	15			|	15
